255 255 255 255 255 255 255 255 255 255 255 255 255 255 255 255
255 255 255 255 255 255 255 255 255 255 255 255 255 255 255 255
255 255 255 255 244 255 255 255 255 255 255 244 255 255 255 255
255 255 255 244 244 244 244 244 244 244 244 244 244 255 255 255
255 255 244 244 244 244 255 255 255 255 244 244 244 244 255 255
255 255 244 255 244 244 255 244 255 244 255 255 244 255 255 255
255 255 255 255 255 244 244 244 255 255 255 255 244 255 255 255
255 255 244 255 255 244 244 244 244 244 255 244 255 244 255 255
255 255 255 255 255 255 255 244 255 255 244 255 244 244 255 255
255 255 244 255 255 244 255 244 244 255 255 255 255 244 255 255
255 255 244 255 244 244 244 244 255 244 244 244 244 255 255 255
255 255 244 244 244 255 244 244 255 255 244 244 244 244 255 255
255 255 255 244 244 255 255 255 244 244 244 244 244 255 255 255
255 255 255 255 244 244 244 255 244 255 244 255 244 244 255 255
255 255 255 255 255 255 255 255 255 255 255 255 255 255 255 255
255 255 255 255 255 255 255 255 255 255 255 255 255 255 255 255
255 255 255 255 255 255 255 255 255 255 255 255 255 255 255 255
255 255 255 255 255 255 255 255 255 255 255 255 255 255 255 255
255 255 255 255   0 255 255 255 255 255 255   0 255 255 255 255
255 255 255   0   0   0   0   0   0   0   0   0   0 255 255 255
255 255   0   0   0   0 255 255 255 255   0   0   0   0 255 255
255 255   0 255   0   0 255   0 255   0 255 255   0 255 255 255
255 255 255 255 255   0   0   0 255 255 255 255   0 255 255 255
255 255   0 255 255   0   0   0   0   0 255   0 255   0 255 255
255 255 255 255 255 255 255   0 255 255   0 255   0   0 255 255
255 255   0 255 255   0 255   0   0 255 255 255 255   0 255 255
255 255   0 255   0   0   0   0 255   0   0   0   0 255 255 255
255 255   0   0   0 255   0   0 255 255   0   0   0   0 255 255
255 255 255   0   0 255 255 255   0   0   0   0   0 255 255 255
255 255 255 255   0   0   0 255   0 255   0 255   0   0 255 255
255 255 255 255 255 255 255 255 255 255 255 255 255 255 255 255
255 255 255 255 255 255 255 255 255 255 255 255 255 255 255 255
255 255 255 255 255 255 255 255 255 255 255 255 255 255 255 255
255 255 255 255 255 255 255 255 255 255 255 255 255 255 255 255
255 255 255 255  89 255 255 255 255 255 255  89 255 255 255 255
255 255 255  89  89  89  89  89  89  89  89  89  89 255 255 255
255 255  89  89  89  89 255 255 255 255  89  89  89  89 255 255
255 255  89 255  89  89 255  89 255  89 255 255  89 255 255 255
255 255 255 255 255  89  89  89 255 255 255 255  89 255 255 255
255 255  89 255 255  89  89  89  89  89 255  89 255  89 255 255
255 255 255 255 255 255 255  89 255 255  89 255  89  89 255 255
255 255  89 255 255  89 255  89  89 255 255 255 255  89 255 255
255 255  89 255  89  89  89  89 255  89  89  89  89 255 255 255
255 255  89  89  89 255  89  89 255 255  89  89  89  89 255 255
255 255 255  89  89 255 255 255  89  89  89  89  89 255 255 255
255 255 255 255  89  89  89 255  89 255  89 255  89  89 255 255
255 255 255 255 255 255 255 255 255 255 255 255 255 255 255 255
255 255 255 255 255 255 255 255 255 255 255 255 255 255 255 255

255 255 255 255 255 255 255 255 255 255 255 255 255 255 255 255
255 254 252 252 252 252 253 253 254 255 254 253 253 253 255 255
255 252 249 248 249 251 249 246 248 247 249 247 250 249 253 255
255 252 248 245 250 248 250 252 248 250 245 245 246 250 253 255
255 252 249 250 249 249 249 250 250 251 248 252 247 252 253 255
255 252 251 247 248 248 253 252 246 250 249 248 248 248 252 255
255 254 249 248 247 245 253 249 251 246 248 247 247 248 253 255
255 253 252 249 248 250 250 249 249 246 254 251 245 249 254 255
255 253 250 250 248 250 248 250 249 248 247 248 248 250 253 255
255 254 252 247 250 253 251 246 247 245 247 249 248 247 254 255
255 252 251 246 250 247 250 249 252 246 248 253 248 247 252 255
255 252 249 250 249 250 249 248 248 249 247 249 250 249 252 255
255 252 248 245 250 249 249 247 245 250 249 250 245 248 252 255
255 252 249 248 249 246 251 248 248 246 250 249 248 249 252 255
255 254 252 252 252 253 253 253 252 253 255 252 252 252 254 255
255 255 255 255 255 255 255 255 255 255 255 255 255 255 255 255
255 255 255 255 255 255 255 255 255 255 255 255 255 255 255 255
255 236 186 186 202 198 221 210 240 255 241 215 215 226 255 255
255 186 136 121 131 176 133  53 112 102 122  95 171 129 224 255
255 186 121  52 144 103 162 203 111 162  56  32  60 169 217 255
255 202 131 144 135 131 142 165 161 173 102 206  81 195 215 255
255 198 176  98 116 118 220 192  54 159 123 102 105 123 186 255
255 245 147 119  88  56 228 145 188  77 123 104  82 129 221 255
255 230 201 128 109 169 163 136 145  72 244 176  50 135 240 255
255 224 155 161 104 151 120 175 136 124  86 106 126 162 215 255
255 251 199  92 156 225 187  84  84  55  96 145 122 106 245 255
255 198 176  62 151  91 160 134 200  65 105 227 117  89 198 255
255 202 131 144 135 151 151 105 127 129  89 135 144 131 202 255
255 186 121  52 144 149 137  94  55 173 139 144  52 121 186 255
255 186 136 121 131  63 180 122 116  81 167 131 121 136 186 255
255 236 186 186 202 224 225 224 200 219 255 202 186 186 236 255
255 255 255 255 255 255 255 255 255 255 255 255 255 255 255 255
255 255 255 255 255 255 255 255 255 255 255 255 255 255 255 255
255 242 210 210 220 218 232 225 245 255 246 229 229 236 255 255
255 210 177 167 173 203 175 123 162 155 168 150 200 173 235 255
255 210 167 122 182 156 194 221 161 194 125 109 128 198 230 255
255 220 173 182 176 174 181 196 194 202 155 223 141 216 229 255
255 218 203 152 164 166 232 214 124 192 169 155 157 169 210 255
255 248 184 166 146 125 237 183 211 138 168 156 142 173 233 255
255 239 220 172 160 199 194 177 183 135 248 203 121 176 245 255
255 235 190 194 157 187 166 203 177 169 145 157 170 194 229 255
255 252 218 148 190 236 210 143 143 124 151 183 168 157 248 255
255 218 203 129 187 148 193 176 219 131 157 237 165 146 218 255
255 220 173 182 176 187 187 157 171 173 146 176 182 173 220 255
255 210 167 122 182 185 177 150 124 201 180 182 122 167 210 255
255 210 177 167 173 130 206 168 164 141 197 173 167 177 210 255
255 242 210 210 220 235 235 235 219 231 255 220 210 210 242 255
255 255 255 255 255 255 255 255 255 255 255 255 255 255 255 255

255 255 255 255 255 255 255 255 255 255 255 255 255 255 255 255
255 255 253 253 253 252 253 254 253 254 252 252 252 252 254 255
255 253 249 250 252 248 248 249 250 247 247 249 248 249 252 255
255 253 250 246 247 248 247 245 248 248 248 250 245 248 252 255
255 253 247 245 252 248 247 251 248 249 253 249 250 249 252 255
255 254 249 245 248 249 248 254 247 247 248 247 249 250 255 255
255 255 247 250 251 250 246 246 248 245 246 249 250 246 253 255
255 254 248 248 250 246 251 249 249 247 252 248 245 248 252 255
255 253 246 252 250 252 249 249 250 246 249 248 247 248 253 255
255 253 249 250 249 253 253 250 248 251 250 249 249 251 253 255
255 252 251 248 249 248 245 250 250 253 247 250 249 246 253 255
255 252 249 250 249 248 247 248 248 250 250 249 250 249 252 255
255 252 248 245 250 247 248 249 250 247 246 250 245 248 252 255
255 252 249 248 249 251 249 252 250 252 251 249 248 249 252 255
255 254 252 252 252 252 254 253 253 254 252 252 252 252 254 255
255 255 255 255 255 255 255 255 255 255 255 255 255 255 255 255
255 255 255 255 255 255 255 255 255 255 255 255 255 255 255 255
255 255 224 217 215 186 221 240 215 245 198 202 186 186 236 255
255 226 129 169 195 123 129 135 162 106  89 131 121 136 186 255
255 215 171  60  81 105  82  50 126 122 117 144  52 121 186 255
255 215  95  32 206 102 104 176 106 145 227 135 144 131 202 255
255 241 122  56 102 123 123 244  86  96 105  89 139 167 255 255
255 255 102 162 173 159  77  72 124  55  65 129 173  81 219 255
255 240 112 111 161  54 188 145 136  84 200 127  55 116 200 255
255 210  53 203 165 192 145 136 175  84 134 105  94 122 224 255
255 221 133 162 142 220 228 163 120 187 160 151 137 180 225 255
255 198 176 103 131 118  56 169 151 225  91 151 149  63 224 255
255 202 131 144 135 116  88 109 104 156 151 135 144 131 202 255
255 186 121  52 144  98 119 128 161  92  62 144  52 121 186 255
255 186 136 121 131 176 147 201 155 199 176 131 121 136 186 255
255 236 186 186 202 198 245 230 224 251 198 202 186 186 236 255
255 255 255 255 255 255 255 255 255 255 255 255 255 255 255 255
255 255 255 255 255 255 255 255 255 255 255 255 255 255 255 255
255 255 235 230 229 210 233 245 229 248 218 220 210 210 242 255
255 236 173 198 216 169 173 176 194 157 146 173 167 177 210 255
255 229 200 128 141 157 142 121 170 168 165 182 122 167 210 255
255 229 150 109 223 155 156 203 157 183 237 176 182 173 220 255
255 246 168 125 155 169 168 248 145 151 157 146 180 197 255 255
255 255 155 194 202 192 138 135 169 124 131 173 201 141 231 255
255 245 162 161 194 124 211 183 177 143 219 171 124 164 219 255
255 225 123 221 196 214 183 177 203 143 176 157 150 168 235 255
255 232 175 194 181 232 237 194 166 210 193 187 177 206 235 255
255 218 203 156 174 166 125 199 187 236 148 187 185 130 235 255
255 220 173 182 176 164 146 160 157 190 187 176 182 173 220 255
255 210 167 122 182 152 166 172 194 148 129 182 122 167 210 255
255 210 177 167 173 203 184 220 190 218 203 173 167 177 210 255
255 242 210 210 220 218 248 239 235 252 218 220 210 210 242 255
255 255 255 255 255 255 255 255 255 255 255 255 255 255 255 255

255 255 255 255 255 255 255 255 255 255 255 255 255 255 255 255
255 254 252 252 252 255 253 252 253 253 253 252 252 252 254 255
255 252 249 248 249 250 246 248 248 251 246 249 248 249 252 255
255 252 248 245 250 249 250 245 247 249 249 250 245 248 252 255
255 252 249 250 249 247 249 248 248 249 250 249 250 249 252 255
255 252 247 248 253 248 246 252 249 250 247 250 246 251 252 255
255 254 247 248 249 247 245 247 246 251 253 250 247 252 254 255
255 253 250 248 248 247 248 249 250 248 250 248 250 250 253 255
255 254 249 245 251 254 246 249 249 250 250 248 249 252 253 255
255 253 248 247 247 248 246 251 249 253 245 247 248 249 254 255
255 252 248 248 248 249 250 246 252 253 248 248 247 251 252 255
255 253 252 247 252 248 251 250 250 249 249 249 250 249 252 255
255 253 250 246 245 245 250 248 252 250 248 250 245 248 252 255
255 253 249 250 247 249 247 248 246 249 251 249 248 249 252 255
255 255 253 253 253 254 255 254 253 253 252 252 252 252 254 255
255 255 255 255 255 255 255 255 255 255 255 255 255 255 255 255
255 255 255 255 255 255 255 255 255 255 255 255 255 255 255 255
255 236 186 186 202 255 219 200 224 225 224 202 186 186 236 255
255 186 136 121 131 167  81 116 122 180  63 131 121 136 186 255
255 186 121  52 144 139 173  55  94 137 149 144  52 121 186 255
255 202 131 144 135  89 129 127 105 151 151 135 144 131 202 255
255 198  89 117 227 105  65 200 134 160  91 151  62 176 198 255
255 245 106 122 145  96  55  84  84 187 225 156  92 199 251 255
255 215 162 126 106  86 124 136 175 120 151 104 161 155 224 255
255 240 135  50 176 244  72 145 136 163 169 109 128 201 230 255
255 221 129  82 104 123  77 188 145 228  56  88 119 147 245 255
255 186 123 105 102 123 159  54 192 220 118 116  98 176 198 255
255 215 195  81 206 102 173 161 165 142 131 135 144 131 202 255
255 217 169  60  32  56 162 111 203 162 103 144  52 121 186 255
255 224 129 171  95 122 102 112  53 133 176 131 121 136 186 255
255 255 226 215 215 241 255 240 210 221 198 202 186 186 236 255
255 255 255 255 255 255 255 255 255 255 255 255 255 255 255 255
255 255 255 255 255 255 255 255 255 255 255 255 255 255 255 255
255 242 210 210 220 255 231 219 235 235 235 220 210 210 242 255
255 210 177 167 173 197 141 164 168 206 130 173 167 177 210 255
255 210 167 122 182 180 201 124 150 177 185 182 122 167 210 255
255 220 173 182 176 146 173 171 157 187 187 176 182 173 220 255
255 218 146 165 237 157 131 219 176 193 148 187 129 203 218 255
255 248 157 168 183 151 124 143 143 210 236 190 148 218 252 255
255 229 194 170 157 145 169 177 203 166 187 157 194 190 235 255
255 245 176 121 203 248 135 183 177 194 199 160 172 220 239 255
255 233 173 142 156 168 138 211 183 237 125 146 166 184 248 255
255 210 169 157 155 169 192 124 214 232 166 164 152 203 218 255
255 229 216 141 223 155 202 194 196 181 174 176 182 173 220 255
255 230 198 128 109 125 194 161 221 194 156 182 122 167 210 255
255 235 173 200 150 168 155 162 123 175 203 173 167 177 210 255
255 255 236 229 229 246 255 245 225 232 218 220 210 210 242 255
255 255 255 255 255 255 255 255 255 255 255 255 255 255 255 255
